Base-MNB: Emotion Classification MultinomialNB()
Emotion Prediction: 
 ['neutral' 'neutral' 'disapproval' ... 'neutral' 'curiosity' 'caring']
Emotion Confusion Matrix: 
 [[ 925   11    2   13   42    2    2    5    0    2    6    0    0    7
     0   63    0   10   39    0  989   15    0    2    0    0    1    9]
 [  44  380    3   18    9    0    1    2    0    1    7    0    0    2
     0   11    0   16    7    0  735    3    0    4    0    0    1    9]
 [  11    5  127   64   13    4    3    1    0    7    9    4    0    1
     1    9    0    1    1    0  737    1    0    1    0    0    3    4]
 [  20   18   40  103   32    3    7    8    2    6   30    3    1    1
     0   13    0    0    4    0 1296    6    0    6    0    1    8    9]
 [ 101   12    3   20  201    9   10    8    3    1   32    1    0    0
     0   11    0    4   19    0 1764   18    0    4    0    0    3    1]
 [  18    4    0    4    9   47    3    2    1    0    5    0    0    0
     0   14    0    3    4    0  518   14    0    1    0    2    0    1]
 [  10    7    1   12   20    0   52   36    0    0    8    2    0    0
     0    5    0    0    0    0  817    2    0    4    0    0    1    5]
 [  20    2    2   13   24    4   15  126    1    1    7    0    0    2
     0    4    0    4    1    0  953    1    0    8    0    0    0    6]
 [   7    2    0    4    8    1    1    1   21    1    1    1    0    1
     0    2    0    1    3    0  324   14    0    0    0    0    0    0]
 [  20    9    3   34   20    3    2    4    0   33   16    2    0    1
     0    5    0    2    3    0  778    4    0    4    0    1   12    4]
 [  13    8   17   39   40    2   12    5    0    5  128    6    1    3
     2    8    0    0    4    0 1225    0    0    4    1    1    1    4]
 [  11    2   29   30    7    1    1    3    1    0   14   43    1    0
     2    4    0    0    3    0  453    1    0    2    0    0    1    0]
 [   4    3    2   16    7    0    0    0    0    1    7    1    2    0
     0    4    0    1    0    0  233    0    0    3    0    1    1    0]
 [  71    4    6    4   13    0    1    3    0    0    5    0    0   21
     0    9    0   38    8    0  403    5    0    2    0    0    1   10]
 [  12    2    2    6   11    1    1    3    1    2    6    1    0    0
    14    2    0    0    0    0  320    1    0    4    0    0    2    2]
 [  65   10    0    2   14    3    2    0    0    1    5    0    0    0
     0  945    0   16    3    0  341   13    0    1    0    0    0    0]
 [   2    0    1    1    0    0    0    1    0    0    1    0    0    0
     0    2    0    0    0    0   56    0    0    0    0    0    4    0]
 [  63   60    1    6   16    1    2    2    0    0    1    0    0    4
     0   33    0  106   34    0  554    4    0    1    0    0    0    1]
 [  88    6    1    0   11    0    0    4    0    0    4    0    0    0
     0    5    0   17  371    0  490    2    0    0    0    0    1    0]
 [   0    0    0    2    3    1    0    0    0    1    0    0    0    0
     0    1    0    0    0    0  161    1    0    0    0    0    0    0]
 [ 288  114   88  182  258   44   51  105   13   43  152   14    2   26
     9   53    0   48   73    0 9420   44    1   54    0    3   19   29]
 [  28    5    0    4   21   11    1    2    5    1    6    0    0    0
     0   14    0    4    4    0  670  122    0    1    0    0    1    0]
 [  25    0    1    0    5    1    1    0    0    0    1    0    0    0
     0    5    0    2    1    0  103    0    0    3    0    0    0    0]
 [  21    6    2   15   24    1    4    2    0    6    9    3    0    2
     0    4    0    2    1    0  762    1    0   33    0    1    1    9]
 [   9    0    0    0    5    3    2    1    0    2    2    0    0    0
     0   17    0    2    1    0  118    0    0    1    0    0    0    0]
 [   6    4    0    3    4    3    0    1    0    0    2    0    0    0
     0   20    0    0    0    0  215    1    0    2    0   19   12    0]
 [   6    6    5   10   11    2    1    1    0   14    9    0    1    0
     0   11    0    3    1    0  598    3    0    1    0    5   56    1]
 [  45    1    6   13    9    1    2   13    1    3    3    0    0    3
     0    3    0    3    0    0  520    1    0    4    0    0    1   47]]
Emotion Classification Report: 
                 precision    recall  f1-score   support

    admiration       0.48      0.43      0.45      2145
     amusement       0.56      0.30      0.39      1253
         anger       0.37      0.13      0.19      1007
     annoyance       0.17      0.06      0.09      1617
      approval       0.24      0.09      0.13      2225
        caring       0.32      0.07      0.12       650
     confusion       0.29      0.05      0.09       982
     curiosity       0.37      0.11      0.16      1194
        desire       0.43      0.05      0.10       393
disappointment       0.25      0.03      0.06       960
   disapproval       0.27      0.08      0.13      1529
       disgust       0.53      0.07      0.12       609
 embarrassment       0.25      0.01      0.01       286
    excitement       0.28      0.03      0.06       604
          fear       0.50      0.04      0.07       393
     gratitude       0.74      0.67      0.70      1421
         grief       0.00      0.00      0.00        68
           joy       0.37      0.12      0.18       889
          love       0.63      0.37      0.47      1000
   nervousness       0.00      0.00      0.00       170
       neutral       0.37      0.85      0.51     11133
      optimism       0.44      0.14      0.21       900
         pride       0.00      0.00      0.00       148
   realization       0.22      0.04      0.06       909
        relief       0.00      0.00      0.00       163
       remorse       0.56      0.07      0.12       292
       sadness       0.43      0.08      0.13       745
      surprise       0.31      0.07      0.11       679

      accuracy                           0.39     34364
     macro avg       0.34      0.14      0.17     34364
  weighted avg       0.37      0.39      0.31     34364

Base-MNB: Sentiment Classification MultinomialNB()
Sentiment Prediction: 
 ['positive' 'ambiguous' 'negative' ... 'positive' 'ambiguous' 'positive']
Sentiment Confusion Matrix: 
 [[ 906  592 1432  834]
 [ 292 4060 2068 1256]
 [ 712 1944 5508 2969]
 [ 342  923 2113 8413]]
Sentiment Classification Report: 
               precision    recall  f1-score   support

   ambiguous       0.40      0.24      0.30      3764
    negative       0.54      0.53      0.53      7676
     neutral       0.50      0.49      0.50     11133
    positive       0.62      0.71      0.67     11791

    accuracy                           0.55     34364
   macro avg       0.52      0.49      0.50     34364
weighted avg       0.54      0.55      0.54     34364

Base-DT: Emotion Classification DecisionTreeClassifier()
Emotion Prediction: 
 ['excitement' 'annoyance' 'disapproval' ... 'curiosity' 'curiosity'
 'caring']
Emotion Confusion Matrix: 
 [[1170   41   11   40  136   25   19   27   11   14   16    8    0   52
     3   53    1   66   86    1  281   21    8   13    5    2    8   27]
 [  61  718   24   50   45    5   13    8    7   10   12    6    3   16
     5    7    1   58   16    1  149    6    0    9    3    3    7   10]
 [  23   20  374  132   31   13   22   12    2   30   45   41    4    7
     7    4    3    2    5    1  198    4    1    4    0    2   10   10]
 [  51   60  208  366  109   25   29   30    9   73   91   43   15   10
    10   16    2    9    9    5  393    4    0   17    2    7   13   11]
 [ 192   54   46  130  578   49   57   35   32   54   81   16    2   26
    11   20    4   37   33    6  672   27    2   33    8    2    7   11]
 [  29   14   18   43   78  175    9    8    9   15   15    0    4    4
     4    9    3   15   10    3  139   26    0    3    2    6    9    0]
 [  11   25   34   80   59    6  260  142    4   12   34    7    7    3
     6    8    0    1    6    4  239    4    0   16    2    1    3    8]
 [  31   17   25   77   59   17  174  425    5   12   12    5    1   16
     1    9    1    5    3    1  257    5    0    8    1    3    1   23]
 [  19   10   12   15   32   14    6   10  119    8    7    3    2    5
     2    1    0    5   11    1   83   20    0    5    0    1    2    0]
 [  20   35   46  116   62   22   21   21   13  171   76   22    9    5
     7    6    6    4   10    6  196    7    1    7    2   13   43   13]
 [  37   37   89  183  113   37   48   20   15   85  372   31   15    3
     9    8    0    7    4    5  359    7    0   11    3    5   12   14]
 [  16   14   94   96   27    2   14    6    4   25   41  123    5    2
    10    2    0    1    2    1  109    3    0    3    0    2    5    2]
 [   5   14   13   44   15    4    6    7    2   16   21   14   32    1
     0    1    1    0    2    5   63    2    1    4    1    4    3    5]
 [  82   29   11   20   32    6   15   21   17   10   10    2    1  130
     2    7    0   39   18    2  112    7    0    6    1    1    2   21]
 [  14    6   21   19   23    9   10    9    5   11   16   10    5    1
   139    1    4    4    2    2   71    1    0    1    1    1    5    2]
 [ 122   12    4   18   25   10   10    2    6    5    8    1    1   15
     0 1047    1   32    7    0   53   21    1    2    0   14    3    1]
 [   2    1    2    3    2    2    6    1    1    4    2    1    2    0
     4    1    7    1    1    0   13    0    0    1    0    2    9    0]
 [  84  136   10   19   54   22    6    8   11   10   16    1    0   54
     2   30    0  225   60    1  109    9    5    3    8    0    1    5]
 [ 130   18    5   19   56   12   11    8   13    5   14    3    1   12
     1   13    0   49  550    0   75    1    0    1    1    0    2    0]
 [   4    2    8   14   14   10    5    3    3   10    5    3    2    1
     9    1    2    2    1   20   40    2    0    0    1    2    5    1]
 [ 511  323  414  742 1012  236  420  410  147  287  537  111   58  170
    63   71   15  149  120   27 4858  101    5  129   18   31   89   79]
 [  63   12   14   47   96   55   16   13   50   20   17    4    6   15
     4   19    1   20   14    2  218  180    2    4    1    3    1    3]
 [  34    3    3    5   20    8    3    2    1    1    3    0    0    3
     0    2    1    6    3    0   39    4    4    1    1    0    1    0]
 [  50   25   26   57  100   15   26   19   12   32   49   11    4   11
    12    7    5   14    7    5  316    7    1   61    0   11    9   17]
 [  11    3    3    7   26   10    1    2    3    4    4    1    1    3
     1   19    0   12    1    2   35    1    0    2   11    0    0    0]
 [   8    6    3   15   14   13    4    3    3   16    8    1    8    0
     1   11    4    2    5    1   37    3    0    6    0   92   27    1]
 [  23   15   28   50   38   27   17   10    1   89   44    8    5    5
     7    6    8    5    7    7  150    2    1    7    0   40  143    2]
 [  55   15   19   27   38    5   28   51    4   20   15    4    8   32
     6    2    2   14    1    0  164    7    0   14    0    0    2  146]]
Emotion Classification Report: 
                 precision    recall  f1-score   support

    admiration       0.41      0.55      0.47      2145
     amusement       0.43      0.57      0.49      1253
         anger       0.24      0.37      0.29      1007
     annoyance       0.15      0.23      0.18      1617
      approval       0.20      0.26      0.23      2225
        caring       0.21      0.27      0.24       650
     confusion       0.21      0.26      0.23       982
     curiosity       0.32      0.36      0.34      1194
        desire       0.23      0.30      0.26       393
disappointment       0.16      0.18      0.17       960
   disapproval       0.24      0.24      0.24      1529
       disgust       0.26      0.20      0.23       609
 embarrassment       0.16      0.11      0.13       286
    excitement       0.22      0.22      0.22       604
          fear       0.43      0.35      0.39       393
     gratitude       0.76      0.74      0.75      1421
         grief       0.10      0.10      0.10        68
           joy       0.29      0.25      0.27       889
          love       0.55      0.55      0.55      1000
   nervousness       0.18      0.12      0.14       170
       neutral       0.52      0.44      0.47     11133
      optimism       0.37      0.20      0.26       900
         pride       0.12      0.03      0.04       148
   realization       0.16      0.07      0.10       909
        relief       0.15      0.07      0.09       163
       remorse       0.37      0.32      0.34       292
       sadness       0.34      0.19      0.25       745
      surprise       0.35      0.22      0.27       679

      accuracy                           0.36     34364
     macro avg       0.29      0.28      0.28     34364
  weighted avg       0.38      0.36      0.36     34364

Base-DT: Sentiment Classification DecisionTreeClassifier()
Sentiment Prediction: 
 ['neutral' 'ambiguous' 'negative' ... 'ambiguous' 'ambiguous' 'ambiguous']
Sentiment Confusion Matrix: 
 [[1793  610  925  436]
 [ 803 4639 1524  710]
 [1642 2504 5305 1682]
 [ 887 1319 2544 7041]]
Sentiment Classification Report: 
               precision    recall  f1-score   support

   ambiguous       0.35      0.48      0.40      3764
    negative       0.51      0.60      0.55      7676
     neutral       0.52      0.48      0.50     11133
    positive       0.71      0.60      0.65     11791

    accuracy                           0.55     34364
   macro avg       0.52      0.54      0.53     34364
weighted avg       0.56      0.55      0.55     34364

Base-MLP: Emotion Classification MLPClassifier(early_stopping=True, max_iter=15)
Emotion Prediction: 
 ['neutral' 'confusion' 'disapproval' ... 'admiration' 'neutral' 'caring']
Emotion Confusion Matrix: 
 [[1156   24    5    7   33   14    1   13    7    3    4    7    1   18
     2   52    0   41   85    0  609   20    2    4    0    2    2   33]
 [  47  764    8   19    5    6    5    3    2    2    3    2    1    4
     1    7    0   35   12    0  296    3    0    3    0    5    6   14]
 [  13   13  265   74    8   11    4    3    0    8   14   32    4    1
     6    7    0    2    3    0  515    4    0    2    0    3    7    8]
 [  30   38  103  145   27   10    9   10    7   11   40   33    6    2
    12   22    0    6    9    0 1033    3    0   11    0    8   16   26]
 [ 140   28    6   26  189   24   17    8   14    6   41    9    1    9
     3   20    0   22   36    1 1569   20    0   12    0    4    8   12]
 [  29    7    3   13   10  116    2    2    4    5   11    2    1    2
     3   15    0   11   11    0  359   16    0    4    0   11   10    3]
 [   8   18   12   13   12    4  119   53    0    3   18    7    3    0
     9    5    0    4    4    0  659    4    0    9    0    4    2   12]
 [  26   16    9   13   16    6   15  171    1    5    8    1    2   13
     5    7    0    6    7    0  820    5    0    5    0    3    1   33]
 [   9    5    1    2    9    4    2    2   88    1    3    0    0    4
     1    1    0    3   17    0  212   21    0    3    0    1    3    1]
 [  16   20   13   35   14    8    5    8    7   63   16   17    4    3
    10    3    0    3   13    2  610    6    0    7    0   10   50   17]
 [  29   27   39   45   29   11   21    6    8    9  158   18    7    5
    10    7    0    6    7    0 1036    7    0    5    0    8   13   18]
 [   5    3   48   41    1    2    2    3    0    6   16  120    6    0
    15    0    0    0    1    0  325    2    0    2    0    1    7    3]
 [   2    8    5   16    2    0    0    2    0    4   10    8   37    0
     3    2    0    0    2    0  172    0    0    3    0    7    1    2]
 [  64   15    5    2   10    2    1    7    3    1    1    0    0   81
     1   12    0   39   18    1  288    7    0    1    0    1    4   40]
 [   4    5    7   13    6    6    0    4    1    4    6    4    1    0
   144    0    0    1    2    1  173    1    0    3    0    2    3    2]
 [  99   12    0    2    6    9    0    3    3    0    4    1    0    6
     0 1105    0   30   10    0   92   12    0    1    0   21    4    1]
 [   3    0    0    0    1    0    0    0    2    1    0    1    2    0
     2    1    0    1    1    0   41    0    0    0    0    2   10    0]
 [  79  123    2    4    4    3    2    2    5    1    1    0    0   15
     3   25    0  243   61    0  301    6    0    0    0    0    0    9]
 [  80   13    1    3    7    4    0    3    4    2    2    0    0    2
     0    8    0   18  637    0  201    7    0    1    0    1    2    4]
 [   2    1    2    3    4    5    0    0    0    4    2    1    2    1
    10    1    0    2    0    6  120    2    0    0    0    0    2    0]
 [ 317  222  133  174  149   80   98  130   69   58  163   38   18   30
    51   71    0   81  123    2 8778   80    0   56    0   27   69  116]
 [  42   12    2    9   19   31    7    1   28    3   10    1    1    2
     1   29    0   11   12    0  436  231    0    2    0    1    2    7]
 [  30    2    1    0    3    2    0    1    0    0    1    0    1    0
     0    4    0    6    1    0   93    0    1    1    0    0    0    1]
 [  30   15    7   20   21    4    5    2    3    7   18    5    1    2
     4    6    0    4    5    0  644    5    0   57    0    9    7   28]
 [   7    1    3    1    5    8    1    0    3    2    1    1    1    0
     0   24    0   10    2    1   86    1    0    1    1    0    2    1]
 [   4    7    1    1    0    2    0    0    4    2    1    2    2    0
     2   12    0    0    2    1   92    2    0    1    0  127   25    2]
 [  10   11   11   10    3   13    1    0    4   18    6    8    3    1
     5    4    0    3    6    0  375    5    0    2    0   61  184    1]
 [  42    8    9    6    2    2    3   11    3    4    5    2    2   10
     3    1    0    1    3    0  330    3    0    1    0    1    3  224]]
Emotion Classification Report: 
                 precision    recall  f1-score   support

    admiration       0.50      0.54      0.52      2145
     amusement       0.54      0.61      0.57      1253
         anger       0.38      0.26      0.31      1007
     annoyance       0.21      0.09      0.13      1617
      approval       0.32      0.08      0.13      2225
        caring       0.30      0.18      0.22       650
     confusion       0.37      0.12      0.18       982
     curiosity       0.38      0.14      0.21      1194
        desire       0.33      0.22      0.27       393
disappointment       0.27      0.07      0.11       960
   disapproval       0.28      0.10      0.15      1529
       disgust       0.38      0.20      0.26       609
 embarrassment       0.35      0.13      0.19       286
    excitement       0.38      0.13      0.20       604
          fear       0.47      0.37      0.41       393
     gratitude       0.76      0.78      0.77      1421
         grief       0.00      0.00      0.00        68
           joy       0.41      0.27      0.33       889
          love       0.58      0.64      0.61      1000
   nervousness       0.40      0.04      0.06       170
       neutral       0.43      0.79      0.56     11133
      optimism       0.49      0.26      0.34       900
         pride       0.33      0.01      0.01       148
   realization       0.29      0.06      0.10       909
        relief       1.00      0.01      0.01       163
       remorse       0.40      0.43      0.42       292
       sadness       0.42      0.25      0.31       745
      surprise       0.36      0.33      0.35       679

      accuracy                           0.44     34364
     macro avg       0.40      0.25      0.28     34364
  weighted avg       0.41      0.44      0.39     34364

Base-MLP: Sentiment Classification MLPClassifier(early_stopping=True, max_iter=15)
Sentiment Prediction: 
 ['neutral' 'ambiguous' 'negative' ... 'positive' 'neutral' 'positive']
Sentiment Confusion Matrix: 
 [[1074  584 1500  606]
 [ 301 4396 2028  951]
 [ 737 1984 6148 2264]
 [ 359  980 2246 8206]]
Sentiment Classification Report: 
               precision    recall  f1-score   support

   ambiguous       0.43      0.29      0.34      3764
    negative       0.55      0.57      0.56      7676
     neutral       0.52      0.55      0.53     11133
    positive       0.68      0.70      0.69     11791

    accuracy                           0.58     34364
   macro avg       0.55      0.53      0.53     34364
weighted avg       0.57      0.58      0.57     34364

Top-MNB: Emotion Classification GridSearchCV(estimator=MultinomialNB(),
             param_grid={'alpha': [0.5, 0, 1.0, 1.5]})
Emotion Prediction: 
 ['neutral' 'confusion' 'disapproval' ... 'neutral' 'curiosity' 'caring']
Emotion Confusion Matrix: 
 [[1065   15    3   15   56   14    9   19    3    3   20    1    0   19
     1   80    0   29   60    0  666   28    1    7    0    0    5   26]
 [  51  578    9   27   22    2    3    9    1    3   14    1    0    6
     0   11    0   28   13    0  446    4    0    7    0    0    5   13]
 [  14    9  198  107   20    9    4    7    1   13   18   21    1    3
     1   12    0    4    4    0  541    3    0    3    0    0    8    6]
 [  23   26   78  189   58   13   18   17    5   14   58   19    1    3
     3   18    0    3    6    0 1014    8    0   15    1    3   11   13]
 [ 129   27   12   45  261   21   24   25    9    8   62    4    0    4
     1   21    0   20   31    0 1450   34    0   23    0    2    8    4]
 [  18    5    3   10   12  105    4    4    2    2   10    1    0    2
     0   19    0    5    6    0  406   24    0    5    0    3    3    1]
 [  13   16    8   21   28    3  116   69    0    0   21    3    0    0
     0    5    0    0    5    0  648    3    0    9    0    1    4    9]
 [  25    7    9   22   25    9   32  199    2    6   15    2    0    9
     1    6    0    4    3    0  781    7    0   14    0    1    0   15]
 [   8    5    0    3   12    6    4    2   52    1    3    1    0    3
     0    3    0    2   10    0  248   28    0    1    0    0    0    1]
 [  21   14   13   51   26    8    9    7    3   72   33    9    0    2
     1    8    0    2    9    0  588   13    0   13    0    3   42   13]
 [  23   17   29   66   52   11   29    7    2   14  210   15    4    4
     6   10    0    4    5    0  978    7    0   11    1    1   12   11]
 [  17    6   41   46   10    3    6    5    1    6   27   84    2    0
     7    4    0    0    3    0  323    3    0    5    0    0    6    4]
 [   6    7    4   30    7    0    1    5    0    5    8    2   12    0
     0    2    0    1    0    0  182    0    0    7    0    5    2    0]
 [  76   12    7    3   14    3    4   11    6    3    4    0    0   46
     0   13    0   50   13    0  304    8    0    5    0    0    1   21]
 [  13    4    5   14    9    3    3    6    1    6    8    6    1    0
    49    2    0    1    1    0  244    1    0    4    1    0    5    6]
 [  79   12    0    6   17   10    4    0    0    2    8    0    0    2
     0 1041    0   28    8    0  174   20    0    3    0    2    5    0]
 [   2    0    2    1    1    0    0    2    0    2    2    1    1    0
     2    1    0    0    0    0   38    0    0    1    0    2   10    0]
 [  74   88    1    8   17    7    3    4    2    4    3    0    0   11
     0   43    0  183   48    0  381    4    0    3    0    0    2    3]
 [ 101   11    1    3   11    2    1    5    2    1    4    1    0    1
     0   10    0   26  498    0  311    4    0    4    0    0    2    1]
 [   2    2    4    4    9    1    1    0    0    4    1    0    0    0
     3    1    1    1    0    1  131    2    0    0    0    0    2    0]
 [ 377  177  152  263  360  133  157  207   39   99  273   29    9   61
    29   96    0   92  107    5 8044  115    6  127    2   10   77   87]
 [  38    7    2    7   32   31    8    4   13    5   13    1    0    1
     2   24    0    6   14    0  481  202    0    4    0    0    2    3]
 [  32    1    3    2    7    3    2    1    0    0    3    0    0    0
     0    5    0    2    2    0   80    0    1    3    0    0    0    1]
 [  25   14    5   29   42    6    6    6    2   11   24    4    1    1
     0    7    0    4    2    0  623    4    0   63    0    1    9   20]
 [  11    3    1    1    8    4    2    1    1    3    1    0    0    0
     0   23    0    7    2    0   91    2    0    2    0    0    0    0]
 [   8    4    1    4    7    5    1    0    1    2    8    1    1    0
     0   21    0    0    2    0  147    2    0    3    0   49   24    1]
 [   9   10    9   21   15   12    3    3    2   25   15    4    2    1
     1   13    0    6    4    0  446   10    0    3    0   18  112    1]
 [  48   12    9   12   17    2    8   22    1    6   10    4    0   11
     3    6    0    5    2    0  377    4    0   13    0    0    4  103]]
Emotion Classification Report: 
                 precision    recall  f1-score   support

    admiration       0.46      0.50      0.48      2145
     amusement       0.53      0.46      0.49      1253
         anger       0.33      0.20      0.25      1007
     annoyance       0.19      0.12      0.14      1617
      approval       0.23      0.12      0.15      2225
        caring       0.25      0.16      0.20       650
     confusion       0.25      0.12      0.16       982
     curiosity       0.31      0.17      0.22      1194
        desire       0.34      0.13      0.19       393
disappointment       0.23      0.07      0.11       960
   disapproval       0.24      0.14      0.17      1529
       disgust       0.39      0.14      0.20       609
 embarrassment       0.34      0.04      0.07       286
    excitement       0.24      0.08      0.12       604
          fear       0.45      0.12      0.19       393
     gratitude       0.69      0.73      0.71      1421
         grief       0.00      0.00      0.00        68
           joy       0.36      0.21      0.26       889
          love       0.58      0.50      0.54      1000
   nervousness       0.17      0.01      0.01       170
       neutral       0.40      0.72      0.51     11133
      optimism       0.37      0.22      0.28       900
         pride       0.12      0.01      0.01       148
   realization       0.18      0.07      0.10       909
        relief       0.00      0.00      0.00       163
       remorse       0.49      0.17      0.25       292
       sadness       0.31      0.15      0.20       745
      surprise       0.28      0.15      0.20       679

      accuracy                           0.39     34364
     macro avg       0.31      0.20      0.22     34364
  weighted avg       0.36      0.39      0.35     34364

Top-MNB: Sentiment Classification GridSearchCV(estimator=MultinomialNB(),
             param_grid={'alpha': [0.5, 0, 1.0, 1.5]})
Sentiment Prediction: 
 ['positive' 'ambiguous' 'negative' ... 'positive' 'ambiguous' 'positive']
Sentiment Confusion Matrix: 
 [[ 906  592 1432  834]
 [ 292 4060 2068 1256]
 [ 712 1944 5508 2969]
 [ 342  923 2113 8413]]
Sentiment Classification Report: 
               precision    recall  f1-score   support

   ambiguous       0.40      0.24      0.30      3764
    negative       0.54      0.53      0.53      7676
     neutral       0.50      0.49      0.50     11133
    positive       0.62      0.71      0.67     11791

    accuracy                           0.55     34364
   macro avg       0.52      0.49      0.50     34364
weighted avg       0.54      0.55      0.54     34364

Top-DT: Emotion Classification GridSearchCV(estimator=DecisionTreeClassifier(),
             param_grid={'criterion': ['gini', 'entropy'],
                         'max_depth': [18, 36],
                         'min_samples_split': [3, 6, 9]})
Emotion Prediction: 
 ['neutral' 'neutral' 'neutral' ... 'confusion' 'neutral' 'neutral']
Emotion Confusion Matrix: 
 [[ 813   25    6    8   22    7    5    4    8    1    6    3    0   13
     2   28    0   43   56    0 1012   21    2    2    2    1    4   51]
 [  37  658    4   11    8    0    4    1    2    0    5    2    0    2
     0    7    0   15   14    0  462    4    0    0    0    4    1   12]
 [  12   14  202   11    2    0    4    1    0    3    5    4    0    1
     0    5    0    4    3    0  722    5    0    1    0    1    1    6]
 [  20   36   79   20    8    3    3    4    2    7    6    6    0    0
     2   14    0    9    6    0 1362    5    0    2    0    9    1   13]
 [ 100   30    9   10   74    5   16    2    6    4   14    1    0    5
     1   12    0   16   22    0 1873   17    0    1    0    2    1    4]
 [  18    6    5    4    6   18    4    1    1    1    1    0    1    1
     0    3    0   16    5    0  531   17    0    0    0    9    2    0]
 [  10   16    8    1    1    0   87   10    0    0    2    1    0    0
     0    7    0    1    1    0  827    2    0    1    0    4    0    3]
 [  17   14    9    3    6    2   14   68    1    1    0    0    0    2
     0    7    0    7    2    0 1025    1    0    0    0    3    0   12]
 [   5    4    1    0    2    2    0    1   76    1    0    0    0    1
     0    0    0    2   10    0  258   27    0    0    0    1    2    0]
 [  25   15   11    5    7    1    4    0    5    4    5    1    0    1
     0    3    1    4    7    0  831    3    0    1    0    8   14    4]
 [  22   24   37    6    7    0   12    2    9    3   22    2    2    2
     0    3    0    4    6    0 1331    5    0    2    0   12    5   11]
 [   4    4   49    3    3    2    1    0    0    1    1   43    0    2
     0    1    0    1    2    0  486    3    0    0    0    1    2    0]
 [   1    4    4    0    1    0    0    2    0    2    0    0    0    1
     0    1    0    0    3    0  256    3    0    0    0    7    1    0]
 [  36   10    9    0    2    1    2    1    2    0    1    0    0   40
     1    5    0   27   12    0  418    6    0    0    0    1    0   30]
 [   5    6    4    1    1    0    0    0    1    1    1    0    0    0
     0    0    0    1    3    0  363    1    0    0    0    0    1    4]
 [  65    9    1    6    5    4    4    1    1    3    6    0    0    6
     0 1018    0   36   14    0  190   24    0    1    3   21    1    2]
 [   2    0    0    0    0    1    0    0    1    0    0    0    0    0
     0    0    1    1    0    0   60    0    0    0    0    2    0    0]
 [  62  123    3    2    7    7    0    3    2    1    1    0    0   22
     0    6    0  212   42    0  377   10    2    0    0    0    0    7]
 [  55   13    3    5   10    2    3    3    2    0    4    0    0    2
     1   10    0   13  542    0  328    2    0    0    1    0    0    1]
 [   3    2    3    0    0    0    0    1    1    0    0    0    0    1
     0    0    0    1    1    0  156    1    0    0    0    0    0    0]
 [ 239  187  120   28   47   16   54   16   35   11   32    5    3   26
     1   44    1   54   73    1 9999   54    0    6    0   32   10   39]
 [  39    9    1    6    8   12    4    0   27    3    3    1    2    2
     0   15    0   12    9    0  524  217    0    0    0    2    1    3]
 [  15    2    2    0    2    0    0    0    0    0    0    0    0    1
     0    2    0    6    1    0  115    0    0    0    0    0    1    1]
 [  24   12    8    2    5    0    2    1    1    0    2    3    0    2
     0    2    0    3    5    0  800    2    0    2    0    7    2   24]
 [   7    2    0    0    5    0    1    1    0    0    1    0    0    0
     0   11    0   11    1    0  115    1    0    0    7    0    0    0]
 [   6    5    0    3    2    3    1    1    3    0    0    0    1    0
     0    3    0    1    3    0  125    1    0    2    0  120   12    0]
 [  16    5    7    5    6    0    0    0    1    6    3    1    0    1
     0    3    2    5    3    0  531    4    0    1    0   60   84    1]
 [  14    7    9    3    2    0    1    3    3    0    0    2    0    3
     0    1    0    3    0    0  488    2    0    3    0    0    0  135]]
Emotion Classification Report: 
                 precision    recall  f1-score   support

    admiration       0.49      0.38      0.43      2145
     amusement       0.53      0.53      0.53      1253
         anger       0.34      0.20      0.25      1007
     annoyance       0.14      0.01      0.02      1617
      approval       0.30      0.03      0.06      2225
        caring       0.21      0.03      0.05       650
     confusion       0.38      0.09      0.14       982
     curiosity       0.54      0.06      0.10      1194
        desire       0.40      0.19      0.26       393
disappointment       0.08      0.00      0.01       960
   disapproval       0.18      0.01      0.03      1529
       disgust       0.57      0.07      0.13       609
 embarrassment       0.00      0.00      0.00       286
    excitement       0.29      0.07      0.11       604
          fear       0.00      0.00      0.00       393
     gratitude       0.84      0.72      0.77      1421
         grief       0.20      0.01      0.03        68
           joy       0.42      0.24      0.30       889
          love       0.64      0.54      0.59      1000
   nervousness       0.00      0.00      0.00       170
       neutral       0.39      0.90      0.54     11133
      optimism       0.50      0.24      0.32       900
         pride       0.00      0.00      0.00       148
   realization       0.08      0.00      0.00       909
        relief       0.54      0.04      0.08       163
       remorse       0.39      0.41      0.40       292
       sadness       0.58      0.11      0.19       745
      surprise       0.37      0.20      0.26       679

      accuracy                           0.42     34364
     macro avg       0.34      0.18      0.20     34364
  weighted avg       0.38      0.42      0.33     34364

Top-DT: Sentiment Classification GridSearchCV(estimator=DecisionTreeClassifier(),
             param_grid={'criterion': ['gini', 'entropy'],
                         'max_depth': [18, 36],
                         'min_samples_split': [3, 6, 9]})
Sentiment Prediction: 
 ['neutral' 'neutral' 'neutral' ... 'ambiguous' 'neutral' 'neutral']
Sentiment Confusion Matrix: 
 [[ 387  215 2879  283]
 [ 137 1633 5455  451]
 [ 231  702 9379  821]
 [ 157  528 5895 5211]]
Sentiment Classification Report: 
               precision    recall  f1-score   support

   ambiguous       0.42      0.10      0.17      3764
    negative       0.53      0.21      0.30      7676
     neutral       0.40      0.84      0.54     11133
    positive       0.77      0.44      0.56     11791

    accuracy                           0.48     34364
   macro avg       0.53      0.40      0.39     34364
weighted avg       0.56      0.48      0.45     34364

Top-MLP: Emotion Classification GridSearchCV(estimator=MLPClassifier(early_stopping=True, max_iter=1,
                                     verbose=True),
             param_grid={'activation': ['logistic', 'tanh', 'relu', 'identity'],
                         'hidden_layer_sizes': [(10, 30, 10), (50, 30)],
                         'solver': ['adam', 'sgd']})
Emotion Prediction: 
 ['neutral' 'confusion' 'disapproval' ... 'admiration' 'neutral' 'neutral']
Emotion Confusion Matrix: 
 [[1162   14    3    1   16   10    2   16    3    0    3    1    0    0
     3   38    0   45   86    0  688   25    0    2    0    1    1   25]
 [  63  693    8    2    2    0    1    3    2    0    5    1    1    1
     1    9    0   36   16    0  386    4    0    0    0    5    1   13]
 [  15   11  191   21    2    3    4    1    0    0   12   11    0    0
     1    8    0    3    4    0  699    3    0    0    0    4    6    8]
 [  35   28   71   32   16    9    7    9    1    1   25   16    1    0
     3   17    0    6    7    0 1298    5    0    0    0    9    4   17]
 [ 135   25    3    3  125    9    3   11    5    2   27    4    0    2
     3   10    0   28   36    0 1758   25    0    1    0    5    2    3]
 [  26    6    5    3    2   41    3    3    1    0    9    2    0    0
     0   10    0   12    9    0  481   20    0    0    0   12    3    2]
 [  11   17    4    1    6    2   82   40    0    0    8    2    0    0
     3    5    0    4    6    0  775    3    0    0    0    4    1    8]
 [  28   13    8    3    9    2   15  137    1    0    4    2    1    2
     2    7    0   10    3    0  920    4    0    0    0    3    0   20]
 [   8    4    2    0    7    1    2    1   56    0    2    0    0    0
     1    1    0    5   14    0  263   24    0    0    0    0    1    1]
 [  20   15   12    4    7    2    5    8    4    3   13   14    2    2
     3    2    0    3    8    0  772    7    0    3    0    9   33    9]
 [  25   22   25    9   21    4   14    4    2    0   76    5    1    0
     1    9    0    5   10    0 1258    5    0    1    0   12    7   13]
 [   4    2   41    8    3    1    2    1    0    2    6   68    1    0
     3    1    0    0    2    0  451    2    0    0    0    2    5    4]
 [   3    8    2    7    2    1    0    1    0    2    5    5    5    0
     2    1    0    1    2    0  230    1    0    0    0    6    1    1]
 [  83   13    4    0    7    4    1    8    1    1    0    0    0   30
     0    7    0   45   22    0  344    8    0    1    0    1    1   23]
 [   1    6    8    2    2    0    1    3    1    1    2    1    1    0
    72    0    0    1    3    0  278    2    0    0    0    1    2    5]
 [  96   10    0    0    0    8    0    1    1    1    1    1    0    0
     0 1074    0   38   11    0  138   21    0    0    0   19    1    0]
 [   3    0    0    0    0    1    0    0    1    0    1    0    0    0
     1    1    0    1    0    0   51    0    0    0    0    4    4    0]
 [  83   96    1    1    2    2    2    2    1    0    0    0    0    2
     2   20    0  258   60    0  344    6    0    0    1    0    1    5]
 [  80    9    0    2    1    1    0    4    0    0    1    0    0    0
     0    8    0   18  621    0  245    6    0    0    0    1    1    2]
 [   1    2    3    2    3    2    0    0    0    0    2    1    1    1
     2    0    0    2    0    0  145    3    0    0    0    0    0    0]
 [ 331  198   95   24   82   31   59  115   27    3   76   11    3    7
    26   60    0   82  122    0 9567   72    0    3    0   32   33   74]
 [  42   12    0    0    9   18    4    2   17    0    8    1    1    0
     2    9    0   13   12    0  491  252    0    1    0    2    1    3]
 [  33    2    1    0    0    0    0    0    0    0    0    0    0    0
     0    3    0    4    0    0  104    0    0    0    0    0    1    0]
 [  32   16    8    6   13    2    3    4    0    0   11    2    0    0
     2    4    0    7    4    0  755    4    0    7    0    6    5   18]
 [  12    1    1    0    2    4    1    0    0    0    2    0    0    0
     0   22    0   10    2    0  101    1    0    2    0    1    1    0]
 [   4    5    1    2    1    3    0    0    2    0    1    0    0    1
     1    9    0    0    2    0  105    2    0    2    0  139   12    0]
 [  10    9    4    2    3    7    0    2    3    0    8    3    0    1
     4    8    0    3    8    0  470    5    0    0    0   64  129    2]
 [  61    6    9    0    0    0    3   21    2    0    5    0    0    1
     1    1    0    6    3    0  397    3    0    0    0    0    1  159]]
Emotion Classification Report: 
                 precision    recall  f1-score   support

    admiration       0.48      0.54      0.51      2145
     amusement       0.56      0.55      0.56      1253
         anger       0.37      0.19      0.25      1007
     annoyance       0.24      0.02      0.04      1617
      approval       0.36      0.06      0.10      2225
        caring       0.24      0.06      0.10       650
     confusion       0.38      0.08      0.14       982
     curiosity       0.35      0.11      0.17      1194
        desire       0.43      0.14      0.21       393
disappointment       0.19      0.00      0.01       960
   disapproval       0.24      0.05      0.08      1529
       disgust       0.45      0.11      0.18       609
 embarrassment       0.28      0.02      0.03       286
    excitement       0.60      0.05      0.09       604
          fear       0.52      0.18      0.27       393
     gratitude       0.80      0.76      0.78      1421
         grief       0.00      0.00      0.00        68
           joy       0.40      0.29      0.34       889
          love       0.58      0.62      0.60      1000
   nervousness       0.00      0.00      0.00       170
       neutral       0.41      0.86      0.55     11133
      optimism       0.49      0.28      0.36       900
         pride       0.00      0.00      0.00       148
   realization       0.30      0.01      0.02       909
        relief       0.00      0.00      0.00       163
       remorse       0.41      0.48      0.44       292
       sadness       0.50      0.17      0.26       745
      surprise       0.38      0.23      0.29       679

      accuracy                           0.44     34364
     macro avg       0.36      0.21      0.23     34364
  weighted avg       0.41      0.44      0.36     34364

Top-MLP: Sentiment Classification GridSearchCV(estimator=MLPClassifier(early_stopping=True, max_iter=1,
                                     verbose=True),
             param_grid={'activation': ['logistic', 'tanh', 'relu', 'identity'],
                         'hidden_layer_sizes': [(10, 30, 10), (50, 30)],
                         'solver': ['adam', 'sgd']})
Sentiment Prediction: 
 ['positive' 'ambiguous' 'neutral' ... 'positive' 'ambiguous' 'positive']
Sentiment Confusion Matrix: 
 [[ 846  533 1846  539]
 [ 213 3951 2731  781]
 [ 609 1712 6838 1974]
 [ 248  887 2820 7836]]
Sentiment Classification Report: 
               precision    recall  f1-score   support

   ambiguous       0.44      0.22      0.30      3764
    negative       0.56      0.51      0.54      7676
     neutral       0.48      0.61      0.54     11133
    positive       0.70      0.66      0.68     11791

    accuracy                           0.57     34364
   macro avg       0.55      0.50      0.51     34364
weighted avg       0.57      0.57      0.56     34364

